0.54
0.65375
0.7075
0.72875
0.71625
0.7012499999999999
0.7325
0.7312500000000001
0.7375
0.77375
0.74
0.78625
0.7575000000000001
0.7987500000000001
0.7899999999999999
0.8099999999999999
0.80125
0.7925
0.8125
0.8049999999999999
0.795
0.79375
0.78
0.78
0.82375
0.7799999999999999
0.82375
0.775
0.82
0.78875
0.8275
0.83625
0.8375
0.8400000000000001
0.8250000000000001
0.83125
0.8175
0.8262499999999999
0.855
0.8387499999999999
0.8274999999999999
0.8325
0.84
0.82375
0.8300000000000001
0.83875
0.8337499999999999
0.81125
0.825
0.84
0.84
0.8487500000000001
0.8574999999999999
0.81875
0.85625
0.8574999999999999
0.8400000000000001
0.84125
0.8625
0.8587499999999999
0.8487499999999999
0.8225
0.83875
0.855
0.8550000000000001
0.86
0.8375
0.83125
0.8524999999999999
0.8424999999999999
0.855
0.845
0.835
0.81
0.85125
0.86
0.8487500000000001
0.8587499999999999
0.8474999999999999
0.8337499999999999
0.8612500000000001
0.855
0.85625
0.835
0.8575
0.85625
0.8525
0.84875
0.8587499999999999
0.8525
0.86625
0.86125
0.85125
0.85
0.86
0.87625
0.8512500000000001
0.87375
0.85875
0.8525
0.84875
0.87
0.86875
0.86625
0.87125
0.855
0.8712500000000001
0.87125
0.87
0.8799999999999999
0.8724999999999999
0.87375
0.8775
0.88
0.86875
0.8725
0.8675
0.87875
0.88
0.8787499999999999
0.87625
0.865
0.875
0.85625
0.87625
0.86875
0.8775
0.8724999999999999
0.87125
0.875
0.87
0.8587499999999999
0.88375
0.8674999999999999
0.8762500000000001
0.8775000000000001
0.8687499999999999
0.88375
0.88125
0.8787499999999999
0.88875
0.8812499999999999
0.88625
0.8875
0.8487499999999999
0.8737499999999999
0.87875
0.87625
0.8925
0.88125
0.875
0.87125
0.8875
0.8587499999999999
0.8787499999999999
0.87125
0.8925000000000001
0.875
0.88
0.89875
0.8787499999999999
0.8987499999999999
0.8825000000000001
0.8887499999999999
0.89625
0.8775
0.89125
0.8812500000000001
0.87625
0.89
0.89
0.8875
0.8825000000000001
0.88625
0.8875
0.87375
0.88625
0.8825000000000001
0.88625
0.885
0.8925000000000001
0.88375
0.8962500000000001
0.89
0.8975
0.89375
0.8875
0.89375
0.8837499999999999
0.9025000000000001
0.89
0.8975
0.9000000000000001
0.87875
0.9
0.90125
0.8975000000000001
0.8975
0.89625
0.8875
0.89875
0.88625
0.8799999999999999
0.8724999999999999
0.89375
0.8925000000000001
0.8712500000000001
0.8825
0.8875
0.8900000000000001
0.8887499999999999
0.89375
0.8962500000000001
0.90125
0.88
0.89
0.89875
0.8925000000000001
0.8975000000000001
0.8899999999999999
0.88375
0.89875
0.89875
0.8925
0.89
0.8937499999999999
0.89125
0.89875
0.8825000000000001
0.88125
0.8875
0.8787499999999999
0.89
0.89
0.895
0.89375
0.89125
0.8875000000000001
0.88375
0.8975000000000001
0.8875000000000001
0.8975000000000001
0.8875000000000001
0.88625
0.885
0.895
0.88875
0.8850000000000001
0.8883333333333333
0.8883333333333333
0.89
0.8933333333333334
0.8866666666666667
0.8850000000000001
0.8966666666666666
0.8883333333333333
0.8783333333333334
0.8916666666666666
0.8916666666666666
0.8583333333333333
0.8866666666666667
0.8933333333333334
0.875
0.9033333333333333
0.8816666666666667
0.8850000000000001
0.895
0.8866666666666667
0.8933333333333332
0.88
0.875
0.87
0.8933333333333332
0.8733333333333334
0.88
0.875
0.8816666666666667
0.895
0.8933333333333334
0.88
0.8816666666666667
0.8783333333333334
0.8883333333333333
0.8983333333333334
0.8866666666666667
0.89
0.8883333333333333
0.8733333333333334
0.89
0.88
0.8716666666666667
0.8816666666666667
0.89
0.895
0.8966666666666668
0.8783333333333333
0.8866666666666667
0.8883333333333333
0.8866666666666667
0.8966666666666666
0.895
0.8875
0.895
0.8925000000000001
0.8925000000000001
0.8975
0.8975
0.895
0.89
0.895
0.8975
0.88
0.8925000000000001
0.8975
0.88
0.88
0.8975
0.88
0.885
0.8875
0.8875
0.895
0.8775
0.885
0.89
0.875
0.895
0.89
0.885
0.89
0.9
0.9025000000000001
0.8775
0.8725
0.8825000000000001
0.8825000000000001
0.8825000000000001
0.89
0.8825000000000001
0.8975
0.8925000000000001
0.8725
0.885
0.88
0.88
0.895
0.905
0.8925000000000001
0.8925000000000001
0.87
0.875
0.9025000000000001
0.8775
0.8875
0.875
0.8674999999999999
0.8875
0.875
0.8825000000000001
0.8725
0.88
0.8825000000000001
0.8775
0.885
0.885
0.895
0.8875
0.895
0.8775
0.8875
0.875
0.8825000000000001
0.8825000000000001
0.8975
0.87
0.9
0.885
0.885
0.8574999999999999
0.8574999999999999
0.9
0.8725
0.88
0.875
0.875
0.88
0.9
0.8875
0.895
0.8975
0.84
0.8975
0.8825000000000001
0.885
0.8925000000000001
0.88
0.885
0.885
0.8674999999999999
0.8825000000000001
0.89
0.8825000000000001
0.89
0.89
0.88
0.87
0.875
0.88
0.8725
0.885
0.89
0.875
0.8825000000000001
0.875
0.8825000000000001
0.8825000000000001
0.8775
0.8325
0.8525
0.8625
0.8275
0.8625
0.87
0.855
0.88
0.8875
0.88
0.8775
0.875
0.875
0.89
0.88
0.8674999999999999
0.8775
0.8925000000000001
0.8875
0.8925000000000001
0.89
0.8925000000000001
0.8875
0.8875
0.8825000000000001
0.885
0.8875
0.86
0.87
0.8775
0.88
0.8925000000000001
0.8674999999999999
0.885
0.885
0.8825000000000001
0.8825000000000001
0.8725
0.8875
0.9
0.8725
0.845
0.8925000000000001
0.8925000000000001
0.9
0.8875
0.885
0.875
0.8825000000000001
0.895
0.875
0.88
0.9025000000000001
0.8925000000000001
0.8775
0.87
0.855
0.845
0.8775
0.88
0.8674999999999999
0.8825000000000001
0.8925000000000001
0.89
0.89
0.8875
0.89
0.885
0.8825000000000001
0.875
0.86
0.8775
0.905
0.8825000000000001
0.8525
0.8925000000000001
0.9
0.9025000000000001
0.8925000000000001
0.895
0.885
0.8875
